Wavelength [nm]	EpsilonAvg_Metastable	EpsilonPlusError_Metastable	EpsilonMinusError_Metastable
320.109	1364.1576609766055	1371.5028626780465	1356.812459275165
320.685	1316.0445789285195	1323.1307194508677	1308.958438406172
321.262	1265.2462463877948	1272.0588672068989	1258.4336255686912
321.839	1229.6848889395965	1236.3060323725406	1223.0637455066533
322.415	1185.3884696501327	1191.77110243021	1179.005836870056
322.992	1161.6528362898011	1167.9076663828941	1155.3980061967088
323.569	1144.5264102132737	1150.6890243862017	1138.3637960403462
324.146	1111.8035551370913	1117.789975620934	1105.8171346532492
324.722	1079.8925806819827	1085.7071789853198	1074.0779823786463
325.299	1061.807748651852	1067.5249705720935	1056.090526731611
325.876	1029.9913060978256	1035.5372148372912	1024.4453973583604
326.452	1011.203936743217	1016.6486863415536	1005.7591871448809
327.029	990.7565926387849	996.0912450899939	985.4219401875764
327.606	979.6104446689636	984.8850815461856	974.3358077917424
328.182	956.346490474474	961.4958643847971	951.1971165641513
328.759	925.4258302544382	930.4087142548668	920.44294625401
329.336	921.5318919335208	926.4938093234188	916.5699745436233
329.913	914.5191213673661	919.4432790350795	909.5949636996531
330.489	900.9430954585786	905.7941540619707	896.0920368551868
331.066	896.7282199456491	901.5565838769556	891.899856014343
331.643	888.1718220391308	892.9541147059061	883.3895293723559
332.219	886.7091081476804	891.4835249443335	881.9346913510277
332.796	895.7741015012745	900.5973280554132	890.9508749471363
333.373	897.1030521916534	901.933434378276	892.2726700050314
333.95	900.0199285787421	904.8660164612782	895.1738406962065
334.526	900.7921054470195	905.642351056341	895.9418598376984
335.103	915.8719250188549	920.8033667534814	910.9404832842288
335.68	912.0350058461189	916.9457879854201	907.1242237068183
336.256	949.5076947489517	954.6202456912002	944.3951438067038
336.833	931.7477744200768	936.7646984412231	926.7308503989309
337.41	953.5561960057862	958.6905457907716	948.4218462208013
337.987	972.2398796861686	977.4748303247679	967.0049290475697
338.563	993.9798901053776	999.331898153167	988.6278820575889
339.14	993.5814647473089	998.9313275044901	988.2316019901282
339.717	1028.614649485228	1034.1531457233514	1023.0761532471051
340.293	1057.6240077789266	1063.31870266915	1051.9293128887036
340.87	1082.3110725082922	1088.138692994318	1076.4834520222669
341.447	1098.8377669912122	1104.7543741888974	1092.9211597935275
342.024	1128.415438766831	1134.4913046567228	1122.3395728769397
342.6	1150.492213547097	1156.6869501279048	1144.2974769662899
343.177	1189.5130948655453	1195.9179363719427	1183.1082533591486
343.754	1209.3110525863226	1215.822494668955	1202.7996105036907
344.33	1235.8099856430642	1242.4641091867497	1229.1558620993794
344.907	1275.077073930728	1281.9426280824377	1268.211519779019
345.484	1297.532933032263	1304.5193990251757	1290.546467039351
346.06	1345.632408439499	1352.8778623475964	1338.3869545314021
346.637	1384.1532575180033	1391.6061239666644	1376.700391069343
347.214	1415.9117714521929	1423.5356391694447	1408.287903734942
347.791	1446.8865452356458	1454.6771942331002	1439.0958962381922
348.367	1487.3322851643609	1495.3407111286856	1479.3238592000368
348.944	1539.0612020939966	1547.3481584214271	1530.774245766567
349.521	1580.326824813206	1588.8359727031507	1571.8176769232623
350.097	1620.1942825057622	1628.9180936464825	1611.470471365043
350.674	1671.172530981177	1680.1708305686138	1662.1742313937411
351.251	1714.6871471764136	1723.9197478582607	1705.4545464945677
351.828	1765.7665596091917	1775.2741934472806	1756.258925771104
352.404	1820.7373886460334	1830.5410086729048	1810.933768619163
352.981	1867.1757199827414	1877.2293836226818	1857.122056342802
353.558	1903.2959182340742	1913.544068295373	1893.0477681727762
354.134	1954.4568878327173	1964.9805101885268	1943.933265476909
354.711	2003.8872627981589	2014.6770391951654	1993.0974864011532
355.288	2056.295625921317	2067.367591107049	2045.2236607355856
355.865	2113.2019759965274	2124.5803490347776	2101.8236029582786
356.441	2160.7912023718577	2172.4258159287383	2149.1565888149785
357.018	2222.925597099629	2234.8947685121943	2210.956425687065
357.595	2270.3589140485474	2282.5834864974627	2258.134341599633
358.171	2316.0432107047786	2328.5137667251884	2303.5726546843703
358.748	2374.93711068377	2387.7247763658447	2362.149445001696
359.325	2455.048984352525	2468.2680062389527	2441.829962466099
359.901	2511.856709904211	2525.3816086070165	2498.331811201407
360.478	2580.004424906895	2593.896259724569	2566.112590089222
361.055	2647.8831370924163	2662.1404596000393	2633.6258145847946
361.632	2709.2874741196797	2723.875423543612	2694.6995246957486
362.208	2774.157134375407	2789.094369481276	2759.2198992695403
362.785	2845.896789958913	2861.220301706644	2830.5732782111836
363.362	2909.6182717796582	2925.284886931106	2893.9516566282114
363.938	2972.821118531169	2988.8280445358087	2956.8141925265304
364.515	3051.3730120867713	3067.802894703173	3034.943129470371
365.092	3112.7773491140338	3129.537858646745	3096.016839581324
365.669	3171.3534064669016	3188.4293142621746	3154.2774986716304
366.245	3247.00632959681	3264.4895847211997	3229.523074472422
366.822	3321.763364090842	3339.649142701093	3303.877585480593
367.399	3382.179507015002	3400.390591686638	3363.968422343368
367.975	3463.649269108586	3482.2990214300576	3444.999516787116
368.552	3549.0480078044093	3568.15758304717	3529.93843256165
369.129	3621.8336148467147	3641.3350985762886	3602.332131117143
369.706	3691.143504698796	3711.0181821840706	3671.2688272135233
370.282	3747.71311403559	3767.892386218851	3727.533841852331
370.859	3826.253491554014	3846.855658341823	3805.651324766207
371.436	3906.706121810045	3927.7414795797663	3885.670764040325
372.012	3968.4122380679864	3989.7798476610074	3947.044628474968
372.589	4047.131911426778	4068.9233810289697	4025.3404418245887
373.166	4110.785241930066	4132.919447980464	4088.651035879672
373.743	4183.502697654918	4206.028445236615	4160.976950073222
374.319	4262.864906831664	4285.817974107083	4239.911839556247
374.896	4354.698807102737	4378.146346930572	4331.251267274905
375.473	4403.290696448397	4426.999875556286	4379.581517340511
376.049	4491.461729160946	4515.645658393416	4467.277799928477
376.626	4614.048645679044	4638.892634707784	4589.204656650307
377.203	4647.783547819437	4672.809179826615	4622.757915812262
377.779	4712.721241279421	4738.096525288075	4687.345957270768
378.356	4811.312634053531	4837.218775811746	4785.4064922953185
378.933	4902.805777737327	4929.204557270398	4876.406998204258
379.51	4975.284703851086	5002.073740571166	4948.495667131008
380.086	5016.750941843603	5043.763250323662	4989.738633363547
380.663	5099.422328595992	5126.879774781175	5071.964882410813
381.24	5177.114830495081	5204.990605963941	5149.239055026224
381.816	5270.014170903248	5298.390155704759	5241.63818610174
382.393	5322.856422873331	5351.516932704596	5294.195913042068
382.97	5404.126868938827	5433.224973218149	5375.028764659508
383.547	5492.0420684562205	5521.613545346018	5462.470591566425
384.123	5579.634818932609	5609.677932230894	5549.591705634327
384.7	5638.94223323121	5669.304682727118	5608.579783735305
385.277	5682.729454696265	5713.327673108631	5652.131236283903
385.853	5737.802333539488	5768.6970876199475	5706.907579459032
386.43	5829.629619471256	5861.018810489732	5798.240428452783
387.007	5927.767516606948	5959.6851235627	5895.8499096512005
387.584	6007.777163299522	6040.1255760263575	5975.428750572689
388.16	6088.536474484102	6121.319729492654	6055.753219475552
388.737	6164.66149608172	6197.854640397173	6131.46835176627
389.314	6216.831329593782	6250.30537835367	6183.357280833899
389.89	6297.212560419306	6331.119415716379	6263.305705122236
390.467	6369.0472971302925	6403.340941026226	6334.753653234363
391.044	6434.199956617598	6468.844409983	6399.5555032522
391.62	6510.66927819855	6545.725474727556	6475.613081669548
392.197	6591.970256526718	6627.464211902394	6556.476301151047
392.774	6688.438446384754	6724.45182728766	6652.42506548185
393.351	6774.445409013393	6810.921887772441	6737.968930254349
393.927	6828.837955814082	6865.607307045817	6792.06860458235
394.504	6896.811099504463	6933.946446885301	6859.675752123628
395.081	6970.005614451502	7007.535072052225	6932.476156850782
395.657	7108.963434139293	7147.241099401635	7070.685768876954
396.234	7150.811059660523	7189.314050234574	7112.308069086475
396.811	7274.267171230877	7313.434901714911	7235.099440746846
397.388	7290.964244007437	7330.22187859191	7251.706609422967
397.964	7420.465448304004	7460.420372133957	7380.510524474054
398.541	7480.561209168198	7520.839713987048	7440.282704349353
399.118	7596.4866001597375	7637.389296304494	7555.583904014985
399.694	7639.517601850082	7680.651995104251	7598.383208595918
400.271	7727.234902697809	7768.841602992332	7685.628202403291
400.848	7811.572158048796	7853.632965789416	7769.511350308181
401.425	7892.6381501619235	7935.135451484063	7850.140848839788
402.001	7975.06037711505	8018.001474560593	7932.11927966951
402.578	8056.780598253119	8100.161711925904	8013.399484580338
403.155	8091.469618837885	8135.037512866275	8047.901724809497
403.731	8161.645869025379	8205.59162165987	8117.700116390892
404.308	8253.158619500684	8297.597115481289	8208.720123520085
404.885	8327.409479868282	8372.247773879208	8282.571185857361
405.462	8394.913359807799	8440.115123253358	8349.711596362245
406.038	8467.3241346041	8512.915788281154	8421.732480927049
406.615	8547.572310907763	8593.596054700194	8501.548567115335
407.192	8625.230737148127	8671.67262674648	8578.788847549778
407.768	8693.536074218648	8740.345748635735	8646.726399801564
408.345	8770.904178208923	8818.130435214169	8723.67792120368
408.922	8839.089571322993	8886.682967317991	8791.496175327997
409.498	8927.464703648298	8975.533948726503	8879.395458570101
410.075	9016.657828952886	9065.207327534394	8968.108330371382
410.652	9055.504079902432	9104.262743125779	9006.74541667909
411.229	9140.72730238034	9189.944843471438	9091.509761289244
411.805	9215.665876865585	9265.286918930624	9166.04483480055
412.382	9285.446624996757	9335.443396117582	9235.449853875936
412.959	9319.385981089516	9369.565496055315	9269.206466123722
413.535	9358.845239556558	9409.237219855888	9308.45325925723
414.112	9425.156825780208	9475.905855700626	9374.407795859795
414.689	9509.460005472467	9560.662959361227	9458.257051583714
415.266	9575.873464332697	9627.434016367899	9524.312912297502
415.842	9632.749223088635	9684.616018259754	9580.88242791752
416.419	9724.579639020254	9776.940887982633	9672.218390057882
416.996	9789.936752459931	9842.649911758313	9737.223593161552
417.572	9824.599670027097	9877.499469131402	9771.699870922797
418.149	9901.67083742796	9954.985620288264	9848.356054567665
418.726	9923.34295637876	9976.774431091877	9869.911481665647
419.303	9992.857300183212	10046.663069518567	9939.051530847863
419.879	10038.825363806836	10092.878644635033	9984.772082978645
420.456	10085.815697192294	10140.121993846013	10031.509400538582
421.033	10138.258135974183	10192.846804894383	10083.66946705399
421.609	10202.243364574604	10257.176557022713	10147.310172126501
422.186	10240.655490450834	10295.79551002781	10185.515470873865
422.763	10288.872547550489	10344.272188152203	10233.47290694878
423.339	10346.836837574485	10402.548582424768	10291.125092724209
423.916	10372.528289726924	10428.378368219614	10316.678211234239
424.493	10429.639093754498	10485.796680966241	10373.48150654276
425.07	10469.43946314842	10525.811352379169	10413.067573917675
425.646	10465.085338076195	10521.433782856348	10408.736893296045
426.223	10513.77189515312	10570.382488944426	10457.161301361823
426.8	10567.986268188843	10624.888775089941	10511.08376128775
427.376	10559.278018044393	10616.133636044298	10502.422400044496
427.953	10583.93367647339	10640.922050964296	10526.945301982492
428.53	10637.193931064741	10694.469081288273	10579.918780841217
429.107	10671.337741109872	10728.796736044913	10613.878746174836
429.683	10700.115786509106	10757.72973460981	10642.501838408409
430.26	10714.852357305106	10772.545653334559	10657.15906127566
430.837	10747.73536797731	10805.6057200413	10689.865015913325
431.413	10781.547870491308	10839.600283366963	10723.495457615658
431.99	10818.306057202313	10876.556391698976	10760.055722705656
432.567	10849.042301374679	10907.458132807253	10790.62646994211
433.144	10832.720060844122	10891.048006431573	10774.392115256676
433.72	10825.155264606577	10883.442478132196	10766.868051080965
434.297	10822.76996849564	10881.04433857834	10764.495598412948
434.874	10869.62399924619	10928.150651243388	10811.097347248999
435.45	10867.92316913985	10926.440663148534	10809.405675131175
436.027	10836.059475399436	10894.405401806973	10777.713548991902
436.604	10885.878088459289	10944.492259346098	10827.263917572487
437.181	10876.643584944088	10935.20803335902	10818.07913652916
437.757	10852.177261977622	10910.609973363747	10793.744550591502
438.334	10846.248097359006	10904.64888361559	10787.84731110243
438.911	10812.95617878207	10871.177707271041	10754.734650293105
439.487	10734.071678450118	10791.868459431797	10676.274897468447
440.064	10713.89823886073	10771.586397513014	10656.210080208451
440.641	10787.433510395047	10845.517614044777	10729.349406745325
441.217	10779.677725110147	10837.72006833225	10721.635381888049
441.794	10724.01870950285	10781.761361048666	10666.276057957042
442.371	10668.236856165653	10725.679154624899	10610.794557706413
442.948	10643.361625294452	10700.669984991819	10586.053265597091
443.524	10603.051951774245	10660.143267143823	10545.960636404674
444.101	10632.491490160328	10689.741320453531	10575.24165986713
444.678	10589.215403576183	10646.23221711927	10532.198590033106
445.254	10489.410692936275	10545.890115713339	10432.931270159215
445.831	10450.357094260922	10506.626235948313	10394.087952573536
446.408	10413.385004541398	10469.455072863531	10357.314936219273
446.985	10398.255412066314	10454.244016264782	10342.266807867849
447.561	10321.721482563962	10377.297995722458	10266.14496940547
448.138	10272.107323456474	10327.416693002237	10216.797953910716
448.715	10211.691180532314	10266.675244016691	10156.707117047943
449.291	10184.818064852177	10239.657432118029	10129.978697586334
449.868	10147.117807243376	10201.754180380136	10092.481434106621
450.445	10081.965147756071	10136.250711423361	10027.679584088786
451.022	10003.42075438879	10057.283401828503	9949.558106949082
451.598	9947.979657638869	10001.543786769573	9894.415528508169
452.175	9893.458603674591	9946.729168395697	9840.18803895349
452.752	9814.573453720037	9867.419267436006	9761.727640004072
453.328	9765.963729280902	9818.547807685132	9713.379650876675
453.905	9693.161881673343	9745.35396414469	9640.969799202001
454.482	9616.52572519481	9668.305166192917	9564.746284196708
455.058	9542.199449547848	9593.578686447878	9490.82021264782
455.635	9477.735567197005	9528.767703294929	9426.703431099086
456.212	9466.592826793058	9517.564965664771	9415.62068792135
456.789	9330.017586612552	9380.254346638223	9279.780826586886
457.365	9259.331087393148	9309.187241416163	9209.474933370137
457.942	9221.725143176012	9271.37881089312	9172.07147545891
458.519	9168.124131997385	9217.489189204307	9118.759074790469
459.095	9051.855385928126	9100.594403040208	9003.116368816047
459.672	8972.870607487828	9021.184337152878	8924.556877822783
460.249	8907.717948000523	8955.680868196105	8859.755027804948
460.826	8832.51296918855	8880.070953976641	8784.954984400463
461.402	8760.057606658565	8807.225461135948	8712.889752181187
461.979	8637.327595996452	8683.834620198184	8590.820571794724
462.556	8539.734909400402	8585.716453308954	8493.753365491853
463.132	8452.95855737504	8498.472860709591	8407.444254040493
463.709	8416.244722171321	8461.561342692134	8370.928101650512
464.286	8329.385868074487	8374.23480379526	8284.536932353718
464.863	8180.441163775835	8224.48811822514	8136.394209326536
465.439	8190.254953489405	8234.354749532436	8146.155157446378
466.016	8070.581240037824	8114.036662201788	8027.1258178738635
466.593	7958.370095847602	8001.221325761063	7915.518865934146
467.169	7866.423220298985	7908.779369353362	7824.067071244612
467.746	7787.310289034692	7829.24046061304	7745.380117456348
468.323	7721.169435444282	7762.743476698237	7679.595394190331
468.9	7579.039862891167	7619.848618424852	7538.2311073574865
469.476	7500.495469523885	7540.881308829993	7460.10963021778
470.053	7407.162240268794	7447.045534001223	7367.278946536369
470.63	7268.201703977351	7307.336775420817	7229.066632533888
471.206	7176.016712213836	7214.655420679827	7137.378003747849
471.783	7085.931005443038	7124.084654369668	7047.777356516412
472.36	6979.37642060161	7016.956334585234	6941.796506617991
472.936	6892.191869350737	6929.302344843116	6855.0813938583615
473.513	6790.903952178861	6827.469050694056	6754.33885366367
474.09	6674.876334211141	6710.81669096716	6638.935977455124
474.667	6574.898351504153	6610.300384524073	6539.496318484236
475.243	6473.018628134521	6507.872097642434	6438.165158626612
475.82	6356.984513940695	6391.213206711005	6322.75582117039
476.397	6246.954211909046	6280.5904550052355	6213.317968812859
476.973	6150.721244492446	6183.839328598497	6117.603160386399
477.55	6044.101815503218	6076.645815517949	6011.557815488491
478.127	5927.426760019674	5959.342532197865	5895.510987841485
478.704	5828.368820098334	5859.751222439838	5796.986417756833
479.28	5745.190137144088	5776.1246702831995	5714.255604004979
479.857	5638.737779278842	5669.099127908214	5608.376430649473
480.434	5532.455799707236	5562.244881215649	5502.666718198827
481.01	5436.392915301282	5465.6647536184055	5407.121076984161
481.587	5360.03296654522	5388.89365060828	5331.172282482164
482.164	5234.225634522658	5262.408918710571	5206.042350334747
482.741	5129.44298393507	5157.062074023287	5101.823893846855
483.317	5001.55703673012	5028.487534800075	4974.626538660167
483.894	4897.932958539272	4924.305500753235	4871.560416325311
484.471	4767.218731659925	4792.887453201878	4741.550010117974
485.047	4672.482494736904	4697.64111631861	4647.323873155201
485.624	4606.9609086636865	4631.766734319179	4582.155083008198
486.201	4559.732045667134	4584.283571152812	4535.1805201814595
486.777	4449.654321184957	4473.613141653988	4425.695500715928
487.354	4331.561434826649	4354.884393258161	4308.23847639514
487.931	4259.968475839812	4282.90594750597	4237.031004173656
488.508	4177.423600137901	4199.916615287929	4154.930584987876
489.084	4090.909175948918	4112.936360855177	4068.8819910426614
489.661	3982.3472690537296	4003.7899107462167	3960.9046273612444
490.238	3905.2306457871377	3926.2580589700246	3884.2032326042527
490.814	3815.3893979101563	3835.93306782374	3794.8457279965746
491.391	3703.5845277002695	3723.5261929142594	3683.6428624862815
491.968	3628.1001284867325	3647.6353537756345	3608.5649031978323
492.545	3562.3443298399447	3581.525498103096	3543.163161576795
493.121	3473.532940498016	3492.2359106857084	3454.8299703103253
493.698	3400.6008081231817	3418.91108086971	3382.2905353766546
494.275	3314.341685619954	3332.1875027749484	3296.495868464962
494.851	3199.5696700442727	3216.797506134321	3182.341833954226
495.428	3151.9711717826017	3168.9427174302627	3134.9996261349424
496.005	3095.0886746685	3111.7539408980724	3078.423408438929
496.582	3024.0443337871784	3040.3270672432695	3007.7616003310886
497.158	2951.0167895679065	2966.906311845117	2935.1272672906975
497.735	2871.5489458491047	2887.0105796515513	2856.0873120466595
498.312	2796.957328894232	2812.0173298887976	2781.8973278996677
498.888	2738.9352106466267	2753.6827960210153	2724.18762527224
499.465	2659.3802643471327	2673.6994922496297	2645.0610364446366
500.042	2598.0883769936704	2612.077583456453	2584.0991705308893
500.619	2511.2090775016004	2524.730489077689	2497.687665925513
501.195	2443.930096909686	2457.089250004331	2430.7709438150423
501.772	2432.9270667065207	2446.026974833754	2419.827158579289
502.349	2382.4064950768757	2395.2343790830655	2369.578611070687
502.925	2314.5773904361204	2327.040053860359	2302.1147270118827
503.502	2256.248183769418	2268.3967780795747	2244.0995894592634
504.079	2180.1538302646563	2191.8927003978924	2168.4149601314216
504.655	2140.9701062748472	2152.4979946686904	2129.442217881005
505.232	2085.253120708092	2096.481005290872	2074.025236125313
505.809	1999.6925492087823	2010.4597394940256	1988.9253589235402
506.386	1967.9272201428473	1978.5233724639486	1957.331067821747
506.962	1947.16832884595	1957.6527065180971	1936.683951173804
507.539	1891.8260515063391	1902.012442954969	1881.6396600577104
508.116	1839.3529446315986	1849.2567986837662	1829.4490905794319
508.692	1788.9165286582543	1798.5488117190184	1779.284245597491
509.269	1738.1414230786695	1747.5003114999704	1728.7825346573698
509.846	1692.4630025542267	1701.5759390436115	1683.3500660648428
510.423	1641.2745480135184	1650.1118642178421	1632.4372318091957
510.999	1615.346379287634	1624.0440872674183	1606.6486713078505
511.576	1570.33243410838	1578.7877679724904	1561.8771002442707
512.153	1523.938424750656	1532.1439536499743	1515.7328958513383
512.729	1496.9530542834987	1505.0132825370488	1488.8928260299492
513.306	1453.3949960526309	1461.2206893014811	1445.5693028037815
513.883	1397.9913825273102	1405.5187592926823	1390.4640057619388
514.46	1364.675610989266	1372.0236015525984	1357.3276204259346
515.036	1316.5481728720654	1323.637024957158	1309.4593207869736
515.613	1315.7777222282325	1322.862425881262	1308.6930185752037
516.19	1271.8177371734262	1278.6657416777746	1264.9697326690784
516.766	1213.5088589698978	1220.0429038172056	1206.9748141225907
517.343	1203.1968571408163	1209.67537780969	1196.718336471943
517.92	1132.1521755029073	1138.248161563522	1126.056189442293
518.496	1127.379306058502	1133.449592971748	1121.3090191452568
519.073	1128.2525571181127	1134.327545984331	1122.177568251895
519.65	1059.4878778056723	1065.1926085602856	1053.7831470510598
520.227	1041.6482481919745	1047.2569228369898	1036.03957354696
520.803	984.7957376575533	990.0982943449055	979.4931809702017
521.38	1002.1579672924764	1007.554009566065	996.7619250188884
521.957	941.523399395871	946.5929595156582	936.4538392760844
522.533	893.0337535622411	897.8422249242784	888.2252822002044
523.11	886.5535690061538	891.3271483142968	881.7799896980113
523.687	884.8170734373916	889.581302719089	880.0528441556947
524.264	890.4150226531735	895.2093936606262	885.6206516457212
524.84	827.6640155929925	832.1205086432188	823.2075225427666
525.417	783.0150207187122	787.2311047000312	778.7989367373937
525.994	762.4967035724322	766.6023082577543	758.3910988871106
526.57	776.6326427522279	780.81436131169	772.4509241927661
527.147	736.2131257260176	740.1772085138052	732.2490429382303
527.724	727.64037150331	731.5582949572436	723.7224480493769
528.301	680.4711409095314	684.135085279724	676.8071965393392
528.877	666.1764020732732	669.7633775248244	662.5894266217224
529.454	666.7996458714025	670.3899771311109	663.2093146116945
530.031	627.699531264336	631.0793309729238	624.3197315557485
530.607	606.219067519352	609.4832073277972	602.9549277109072
531.184	596.4061500717793	599.6174529831458	593.194847160413
531.761	616.687641389902	620.0081484268612	613.3671343529429
532.338	567.0867717893165	570.1402067698667	564.0333368087665
532.914	553.2704552015948	556.2494972911979	550.291413111992
533.491	559.6170466396236	562.6302614612815	556.6038318179661
534.068	523.9739076104795	526.7952046993628	521.1526105215963
534.644	497.26305112248525	499.9405256649468	494.58557658002405
535.221	483.58539234692006	486.1892205907286	480.9815641031118
535.798	462.2846980762528	464.77383437478665	459.79556177771923
536.374	451.45075046490155	453.8815522081969	449.0199487216064
536.951	455.310092247873	457.76167431930907	452.8585101764372
537.528	428.39952228086923	430.7062064640606	426.09283809767817
538.105	410.3138664111578	412.52316977535287	408.10456304696294
538.681	403.42410897301	405.59631496971974	401.25190297630047
539.258	393.62122347023353	395.7406465860976	391.50180035436966
539.835	373.6154042312177	375.62710755653507	371.6037009059006
540.411	370.60901693525545	372.6045326000749	368.61350127043625
540.988	383.507908716448	385.57287746910924	381.44293996378696
541.565	362.5346815261537	364.4867215547754	360.58264149753217
542.142	339.3213205311022	341.14837000800503	337.49427105419954
542.718	315.3552282347565	317.05323413631044	313.65722233320275
543.295	315.95495982836354	317.656194938423	314.2537247183042
543.872	350.6988422236844	352.58715308853755	348.8105313588314
544.448	330.72191229270317	332.50265891926034	328.94116566614616
545.025	291.3285834928518	292.8972197790844	289.7599472066193
545.602	286.97088602778103	288.5160586281433	285.42571342741894
546.179	296.1358751991755	297.7303959767911	294.54135442155996
546.755	257.8079150188782	259.1960618513242	256.41976818643235
547.332	250.18757545760906	251.53469115948113	248.84045975573713
547.909	264.08700257696745	265.50895867203354	262.66504648190147
548.485	244.49490246584622	245.8113664090976	243.178438522595
549.062	258.03349587965533	259.42285733484607	256.64413442446477
549.639	240.94884656072796	242.24621703948267	239.65147608197339
550.215	234.1660721630609	235.4269213162596	232.9052230098623
550.792	230.02228213574784	231.2608193711751	228.78374490032073
551.369	226.91662659930785	228.1384416720534	225.69481152656243
551.946	210.92014936618995	212.05583264115953	209.78446609122048
552.522	206.86119320118465	207.97502133977068	205.7473650625987
553.099	206.76298715273148	207.87628650842476	205.64968779703833
553.676	197.77989384762537	198.84482443032678	196.71496326492405
554.252	182.82306602530983	183.80746272229456	181.8386693283252
554.829	171.96850240420014	172.89445354063207	171.0425512677683
555.406	165.6150617587671	166.50680328411534	164.72332023341895
555.983	170.9901220908112	171.9108052139129	170.0694389677096
556.559	168.36043535547935	169.26695913319512	167.45391157776365
557.136	164.24862784378743	165.13301191112015	163.36424377645483
557.713	137.45439217567997	138.19450474782693	136.7142796035331
558.289	158.41814373435844	159.27113400973738	157.56515345897955
558.866	139.87291205387643	140.6260469597554	139.11977714799758
559.443	153.08404494259457	153.90831417447416	152.25977571071508
560.02	146.00411125308761	146.7902591281256	145.2179633780497
560.596	113.17149848014313	113.78086168424365	112.56213527604265
561.173	120.84438270717033	121.49505996454455	120.19370544979616
561.75	124.21303417767041	124.88184967904715	123.54421867629374
562.326	134.12104987913122	134.84321432679923	133.39888543146327
562.903	122.9651835550631	123.62728010101517	122.3030870091111
563.48	104.63203617601255	105.19541930402657	104.06865304799858
564.057	120.31627814820887	120.96411186732064	119.66844442909716
564.633	110.88365875316728	111.48070326073007	110.28661424560455
565.21	113.70229501614406	114.31451625324978	113.0900737790384
565.787	113.22455428078213	113.83420315974875	112.61490540181558
566.363	93.55710633293215	94.06085735546908	93.05335531039526
566.94	88.34455281736028	88.82023724756212	87.8688683871585
567.517	86.7271857515101	87.19416159350124	86.26020990951903
568.093	86.40858625599094	86.87384662357356	85.94332588840837
568.67	95.07875487341632	95.59069909514736	94.5668106516853
569.247	87.94157407724686	88.41508869950624	87.4680594549875
569.824	70.82663149771055	71.20799203180884	70.44527096361229
570.4	69.76558363624831	70.14123103998033	69.38993623251633
570.977	76.71698394103451	77.13006062351248	76.30390725855659
571.554	92.60912150712834	93.10776817849339	92.11047483576333
572.13	72.3246474763191	72.71407396190499	71.93522099073324
572.707	69.93497373578356	70.31153320744065	69.55841426412651
573.284	60.44326714850822	60.768719258187424	60.11781503882905
573.861	57.21309915507736	57.52115867435443	56.905039635800314
574.437	58.79424379570003	59.110816866333195	58.4776707250669
575.014	68.08098529572844	68.44756210963716	67.71440848181976
575.591	73.0255678310659	73.41876836823654	72.63236729389529
576.167	72.11477330912196	72.50306974344318	71.72647687480077
576.744	67.71429713215997	68.07889954193638	67.34969472238359
577.321	66.11151444824522	66.4674867982905	65.75554209819998
577.898	58.93957648017354	59.25693208343604	58.62222087691108
578.474	58.82262881942018	59.13935472702409	58.5059029118163
579.051	61.540196678610684	61.87155512073324	61.20883823648817
579.628	57.84189728557908	58.153342519887595	57.53045205127059
580.204	49.96357091208277	50.23259590572667	49.694545918438905
580.781	48.86912890506743	49.13226096014416	48.60599684999072
581.358	39.95640183523394	40.17154399888496	39.74125967158294
581.934	33.786436524880436	33.96835698623717	33.60451606352372
582.511	37.55420419756803	37.75641191333218	37.3519964818039
583.088	42.263971368613106	42.4915384624226	42.036404274803644
583.665	36.30018588073101	36.49564143159665	36.10473032986538
584.241	31.099524770055098	31.26697776232249	30.932071777787723
584.818	40.05777691994876	40.273464929923875	39.84208890997366
585.395	45.689086205624974	45.93509556607866	45.44307684517132
585.971	42.105028972345494	42.33174025308227	41.878317691608736
586.548	39.18598526706002	39.39697918212567	38.97499135199439
587.125	36.32765767679726	36.523261147429785	36.132054206164746
587.702	39.713510539823105	39.927344874029366	39.49967620561686
588.278	38.97379614016281	39.18364753924186	38.76394474108378
588.855	26.82974250450172	26.974205183509227	26.68527982549423
589.432	23.291162539058455	23.416572007189842	23.16575307092708
590.008	22.840367724354234	22.963349922577834	22.717385526130645
590.585	32.40884788100714	32.58335082257102	32.23434493944328
591.162	37.01584286532956	37.21515181602668	36.81653391463245
591.739	37.075373041126795	37.27500252746365	36.875743554789956
592.315	26.980595445689122	27.125870380722432	26.835320510655826
592.892	28.77317954871699	28.92810651458236	28.618252582851635
593.469	38.531971149099824	38.7394435755946	38.32449872260508
594.045	44.57978721140436	44.81982363698927	44.33975078581948
594.622	40.49765993922085	40.71571646538293	40.279603413058794
595.199	35.10164273630263	35.290644824056535	34.91264064854874
595.776	35.52724771381124	35.71854143873757	35.335953988884924
596.352	29.293242252218707	29.450969455596127	29.135515048841302
596.929	31.873008147514508	32.044625901365315	31.701390393663722
597.506	47.388132625445394	47.64329037029092	47.13297488059989
598.082	39.96183349523513	40.177004905240466	39.74666208522983
598.659	32.66005363714753	32.83590917672863	32.48419809756645
599.236	26.71572535039893	26.859574112834864	26.57187658796301
599.812	15.912978446850463	15.998660651852429	15.827296241848504
